20
177 73
7 7 5 56401
249718282 93729
1 5 6 999917908
1000000000 1
12 7 74 12
254 99
1 8 9 74990
232959116 56689
4 9 1 999903057
78 51
3 5 5 51230
977365070 59489
8 5 9 999966210
218492221 46085
3 7 1 999969453
59 26
14 19 681 59
497151700 96511
9 7 6 999919625
110 53
7 7 1 64417
198 81
8 5 7 83495
640834505 28785
3 9 1 999946125
66 39
35 2 589 66
46 18
7 11 9 46
98 59
6 30 524 98
1000000000 100000
1 1 1 1000000000
1000000000 100000
999999999 1 999999999 1000000000
137 49
48 17 461 137
1000000000 100000
1 1 0 2
